[gd_scene load_steps=11 format=3 uid="uid://cmmg85tftws1a"]

[ext_resource type="PackedScene" uid="uid://d3cqrd5mkwyjx" path="res://prefabs/ui/uiLayer.tscn" id="1_cfo8p"]
[ext_resource type="PackedScene" uid="uid://dhb0shfwlj13b" path="res://prefabs/bubbleWrapStation/bubbleWrapStation.tscn" id="1_g2c5u"]
[ext_resource type="PackedScene" uid="uid://cvrjesha1p2bt" path="res://prefabs/gameController/gameController.tscn" id="2_4ef7o"]
[ext_resource type="PackedScene" uid="uid://c5e23mmpnagn" path="res://prefabs/itemConveyor/itemConveyor.tscn" id="2_nmwap"]
[ext_resource type="PackedScene" uid="uid://n5simytednjc" path="res://prefabs/dragableObject/variations/book.tscn" id="3_38hv7"]
[ext_resource type="PackedScene" uid="uid://ce2oagjorwmtn" path="res://prefabs/dragableObject/variations/melon.tscn" id="4_hi6lm"]
[ext_resource type="PackedScene" path="res://prefabs/dragableObject/tapeRoller.tscn" id="5_7xu1i"]

[sub_resource type="PhysicsMaterial" id="PhysicsMaterial_ny23k"]
friction = 0.1

[sub_resource type="PlaneMesh" id="PlaneMesh_wvca3"]
size = Vector2(30, 10)

[sub_resource type="BoxShape3D" id="BoxShape3D_hdgp2"]
size = Vector3(30, 0.1, 10)

[node name="ItemDragScene" type="Node3D"]

[node name="UiLayer" parent="." node_paths=PackedStringArray("gameController") instance=ExtResource("1_cfo8p")]
gameController = NodePath("../GameController")

[node name="RigidBody3D" type="RigidBody3D" parent="."]
physics_material_override = SubResource("PhysicsMaterial_ny23k")
freeze = true

[node name="MeshInstance3D" type="MeshInstance3D" parent="RigidBody3D"]
mesh = SubResource("PlaneMesh_wvca3")
skeleton = NodePath("../..")

[node name="CollisionShape3D" type="CollisionShape3D" parent="RigidBody3D"]
shape = SubResource("BoxShape3D_hdgp2")

[node name="Camera3D" type="Camera3D" parent="."]
transform = Transform3D(1, 0, 0, 0, 0.224781, 0.974409, 0, -0.974409, 0.224781, 0, 8.66603, 1.27514)

[node name="DirectionalLight3D" type="DirectionalLight3D" parent="."]
transform = Transform3D(0.586075, 0.61514, -0.527369, 0, 0.650867, 0.759192, 0.810256, -0.444944, 0.381457, 0, 1.40698, 0)

[node name="OmniLight3D" type="OmniLight3D" parent="DirectionalLight3D"]
transform = Transform3D(1, 0, 0, 0, 1, 1.49012e-08, 0, 1.49012e-08, 1, 0, 0.53366, 0.622478)

[node name="ItemConveyor" parent="." instance=ExtResource("2_nmwap")]
transform = Transform3D(5.66344, 0, 0, 0, 1, 0, 0, 0, 1.98184, -0.190714, 0.05, -6.30688)
items = Array[PackedScene]([ExtResource("3_38hv7"), ExtResource("4_hi6lm")])

[node name="GameController" parent="." node_paths=PackedStringArray("boxLocation", "boxExitLocation", "uiLayer") instance=ExtResource("2_4ef7o")]
boxLocation = NodePath("BoxPosition")
boxExitLocation = NodePath("BoxOffScreenPosition")
uiLayer = NodePath("../UiLayer")

[node name="BoxOffScreenPosition" type="Node3D" parent="GameController"]
transform = Transform3D(0.98682, 0.0555052, -0.152003, -0.0440655, 0.996009, 0.0776228, 0.155705, -0.0699017, 0.985327, -11.3618, 0.232139, 2.50068)

[node name="BoxPosition" type="Node3D" parent="GameController"]
transform = Transform3D(0.996698, 0.0264252, -0.0767716, -0.0235596, 0.999, 0.0379959, 0.0776988, -0.0360617, 0.996324, 0.522106, 0, 2.51696)

[node name="BubbleWrapStation" parent="." instance=ExtResource("1_g2c5u")]
transform = Transform3D(1, 0, 0, 0, 1, 0, 0, 0, 1, 7.84153, 0, 0)

[node name="tapeRoller" parent="." instance=ExtResource("5_7xu1i")]
transform = Transform3D(1, 0, 0, 0, 1, 0, 0, 0, 1, 4.77912, 0.0500007, -0.0437994)
